%time vcc icc nReset externalCircuitry.v_cap externalCircuitry.keepAlive externalCircuitry.i_supply
0 0 0 0 0 0 0.2
1e-05 0 0 0 0.425478723404 0 0.2
2e-05 0 0 0 0.850957446809 0 0.2
3e-05 0 0 0 1.27643617021 0 0.2
4e-05 0 0 0 1.70191489362 0 0.2
5e-05 0 0 0 2.12739361702 0 0.2
6e-05 0 0 0 2.55287234043 0 0.2
7e-05 0 0 0 2.97835106383 0 0.2
8e-05 0 0 0 3.40382978723 0 0.2
9e-05 3.82930851064 0 0 3.82930851064 0 0
0.0001 3.82925531915 1.98e-05 0 3.82925531915 0 0
0.00011 3.82920212766 1.98e-05 0 3.82920212766 0 0
0.00012 3.82910680851 1.98e-05 0 3.82910680851 0 0
0.00013 3.82901148936 3.96e-05 0 3.82901148936 0 0
0.00014 3.82891617021 3.96e-05 0 3.82891617021 0 0
0.00015 3.8287787234 5.94e-05 0 3.8287787234 0 0
0.00016 3.8286412766 7.92e-05 0 3.8286412766 0 0
0.00017 3.82846170213 7.92e-05 0 3.82846170213 0 0
0.00018 3.82824 7.92e-05 0 3.82824 0 0
0.00019 3.82801829787 7.92e-05 0 3.82801829787 0 0
0.0002 3.82779659574 7.92e-05 0 3.82779659574 0 0
0.00021 3.82757489362 7.92e-05 0 3.82757489362 0 0
0.00022 3.82735319149 7.92e-05 0 3.82735319149 0 0
0.00023 3.82713148936 7.92e-05 0 3.82713148936 0 0
0.00024 3.82690978723 7.92e-05 0 3.82690978723 0 0
0.00025 3.82668808511 9.9e-05 0 3.82668808511 0 0
0.00026 3.82646638298 7.92e-05 0 3.82646638298 0 0
0.00027 3.82620255319 7.92e-05 0 3.82620255319 0 0
0.00028 3.82598085106 7.92e-05 0 3.82598085106 0 0
0.00029 3.82575914894 7.92e-05 0 3.82575914894 0 0
0.0003 3.82553744681 7.92e-05 0 3.82553744681 0 0
0.00031 3.82531574468 7.92e-05 0 3.82531574468 0 0
0.00032 3.82509404255 7.92e-05 0 3.82509404255 0 0
0.00033 3.82487234043 7.92e-05 0 3.82487234043 0 0
0.00034 3.8246506383 9.9e-05 0 3.8246506383 0 0
0.00035 3.82442893617 7.92e-05 0 3.82442893617 0 0
0.00036 3.82416510638 7.92e-05 0 3.82416510638 0 0
0.00037 3.82394340426 7.92e-05 0 3.82394340426 0 0
0.00038 3.82372170213 7.92e-05 0 3.82372170213 0 0
0.00039 3.8235 9.9e-05 0 3.8235 0 0
0.0004 3.82327829787 9.9e-05 0 3.82327829787 0 0
0.00041 3.82301446809 7.92e-05 0 3.82301446809 0 0
0.00042 3.8227506383 7.92e-05 0 3.8227506383 0 0
0.00043 3.82252893617 7.92e-05 0 3.82252893617 0 0
0.00044 3.82230723404 7.92e-05 0 3.82230723404 0 0
0.00045 3.82208553191 9.9e-05 0 3.82208553191 0 0
0.00046 3.82186382979 7.92e-05 0 3.82186382979 0 0
0.00047 3.8216 9.9e-05 0 3.8216 0 0
0.00048 3.82137829787 0.000238 0 3.82137829787 0 0
0.00049 3.82111446809 0.000574 0 3.82111446809 0 0
0.0005 3.82055489362 0.00111 0 3.82055489362 0 0
0.00051 3.81928042553 0.00194 0 3.81928042553 0 0
0.00052 3.81686553191 0.00289 0 3.81686553191 0 0
0.00053 3.81268468085 0.00307 0 3.81268468085 0 0
0.00054 3.80648255319 0.00309 0 3.80648255319 0 0
0.00055 3.79989744681 0.00313 0 3.79989744681 0 0
0.00056 3.79326978723 0.00315 0 3.79326978723 0 0
0.00057 3.78655702128 0.00317 0 3.78655702128 0 0
0.00058 3.77980170213 0.00137 0 3.77980170213 0 0
0.00059 3.77300382979 0.000693 0 3.77300382979 0 0
0.0006 3.77003574468 0.000416 0 3.77003574468 0 0
0.00061 3.76850808511 0.000376 0 3.76850808511 0 0
0.00062 3.76756978723 0.000554 0 3.76756978723 0 0
0.00063 3.76671659574 0.000871 0 3.76671659574 0 0
0.00064 3.76548468085 0.000416 0 3.76548468085 0 0
0.00065 3.76357829787 0.000515 0 3.76357829787 0 0
0.00066 3.76264 0.000574 0 3.76264 0 0
0.00067 3.76149106383 0.000515 0 3.76149106383 0 0
0.00068 3.76021659574 0.00168 0 3.76021659574 0 0
0.00069 3.75906765957 0.000554 0 3.75906765957 0 0
0.0007 3.75544 0.000614 0 3.75544 0 0
0.00071 3.75420808511 0.000891 0 3.75420808511 0 0
0.00072 3.75284851064 0.000693 0 3.75284851064 0 0
0.00073 3.75089957447 0.000812 0 3.75089957447 0 0
0.00074 3.74937191489 0.000733 0 3.74937191489 0 0
0.00075 3.74759106383 0.000772 0 3.74759106383 0 0
0.00076 3.74597829787 0.000851 0 3.74597829787 0 0
0.00077 3.74428255319 0.000832 0 3.74428255319 0 0
0.00078 3.7424187234 0.000832 0 3.7424187234 0 0
0.00079 3.74059531915 0.000851 0 3.74059531915 0 0
0.0008 3.73877191489 0.000851 0 3.73877191489 0 0
0.00081 3.73690808511 0.000851 0 3.73690808511 0 0
0.00082 3.73504425532 0.000851 0 3.73504425532 0 0
0.00083 3.73318042553 0.000832 0 3.73318042553 0 0
0.00084 3.73131659574 0.000812 0 3.73131659574 0 0
0.00085 3.72949319149 0.000851 0 3.72949319149 0 0
0.00086 3.72771234043 0.000891 0 3.72771234043 0 0
0.00087 3.72584851064 0.000832 0 3.72584851064 0 0
0.00088 3.72389957447 0.000812 0 3.72389957447 0 0
0.00089 3.72207617021 0.000812 0 3.72207617021 0 0
0.0009 3.72029531915 0.000812 0 3.72029531915 0 0
0.00091 3.71851446809 0.000832 0 3.71851446809 0 0
0.00092 3.71673361702 0.000911 0 3.71673361702 0 0
0.00093 3.71491021277 0.00105 0 3.71491021277 0 0
0.00094 3.7129187234 0.000832 0 3.7129187234 0 0
0.00095 3.71063148936 0.000851 0 3.71063148936 0 0
0.00096 3.70880808511 0.000812 0 3.70880808511 0 0
0.00097 3.70694425532 0.000792 0 3.70694425532 0 0
0.00098 3.70516340426 0.00105 0 3.70516340426 0 0
0.00099 3.70342510638 0.000792 0 3.70342510638 0 0
0.001 3.70113787234 0.000772 0 3.70113787234 0 0
0.00101 3.69939957447 0.000812 0 3.69939957447 0 0
0.00102 3.69770382979 0.000733 0 3.69770382979 0 0
0.00103 3.69592297872 0.000653 0 3.69592297872 0 0
0.00104 3.69431021277 0.000653 0 3.69431021277 0 0
0.00105 3.69286765957 0.000673 0 3.69286765957 0 0
0.00106 3.69142510638 0.000693 0 3.69142510638 0 0
0.00107 3.68994 0.000673 0 3.68994 0 0
0.00108 3.68841234043 0.000693 0 3.68841234043 0 0
0.00109 3.68692723404 0.000653 0 3.68692723404 0 0
0.0011 3.68539957447 0.000673 0 3.68539957447 0 0
0.00111 3.68395702128 0.000653 0 3.68395702128 0 0
0.00112 3.68247191489 0.000653 0 3.68247191489 0 0
0.00113 3.6810293617 0.000693 0 3.6810293617 0 0
0.00114 3.67958680851 0.000693 0 3.67958680851 0 0
0.00115 3.67805914894 0.000673 0 3.67805914894 0 0
0.00116 3.67653148936 0.000673 0 3.67653148936 0 0
0.00117 3.67504638298 0.000653 0 3.67504638298 0 0
0.00118 3.6735612766 0.000653 0 3.6735612766 0 0
0.00119 3.6721187234 0.000653 0 3.6721187234 0 0
0.0012 3.67067617021 0.000673 0 3.67067617021 0 0
0.00121 3.66923361702 0.000693 0 3.66923361702 0 0
0.00122 3.66774851064 0.000673 0 3.66774851064 0 0
0.00123 3.66622085106 0.000653 0 3.66622085106 0 0
0.00124 3.66473574468 0.000673 0 3.66473574468 0 0
0.00125 3.66329319149 0.000693 0 3.66329319149 0 0
0.00126 3.66180808511 0.000634 0 3.66180808511 0 0
0.00127 3.66028042553 0.000653 0 3.66028042553 0 0
0.00128 3.65887829787 0.000653 0 3.65887829787 0 0
0.00129 3.65743574468 0.000653 0 3.65743574468 0 0
0.0013 3.65599319149 0.000673 0 3.65599319149 0 0
0.00131 3.6545506383 0.000653 0 3.6545506383 0 0
0.00132 3.65306553191 0.000653 0 3.65306553191 0 0
0.00133 3.65162297872 0.000653 0 3.65162297872 0 0
0.00134 3.65018042553 0.000634 0 3.65018042553 0 0
0.00135 3.64873787234 0.000653 0 3.64873787234 0 0
0.00136 3.64733574468 0.000653 0 3.64733574468 0 0
0.00137 3.64589319149 0.000653 0 3.64589319149 0 0
0.00138 3.6444506383 0.000653 0 3.6444506383 0 0
0.00139 3.64300808511 0.000634 0 3.64300808511 0 0
0.0014 3.64156553191 0.000653 0 3.64156553191 0 0
0.00141 3.64016340426 0.000653 0 3.64016340426 0 0
0.00142 3.63872085106 0.000673 0 3.63872085106 0 0
0.00143 3.63727829787 0.000673 0 3.63727829787 0 0
0.00144 3.63579319149 0.000653 0 3.63579319149 0 0
0.00145 3.63430808511 0.000653 0 3.63430808511 0 0
0.00146 3.63286553191 0.000673 0 3.63286553191 0 0
0.00147 3.63142297872 0.000693 0 3.63142297872 0 0
0.00148 3.62993787234 0.000653 0 3.62993787234 0 0
0.00149 3.62841021277 0.000673 0 3.62841021277 0 0
0.0015 3.62696765957 0.000693 0 3.62696765957 0 0
0.00151 3.62548255319 0.000673 0 3.62548255319 0 0
0.00152 3.62395489362 0.000653 0 3.62395489362 0 0
0.00153 3.62246978723 0.000653 0 3.62246978723 0 0
0.00154 3.62102723404 0.000653 0 3.62102723404 0 0
0.00155 3.61958468085 0.000673 0 3.61958468085 0 0
0.00156 3.61814212766 0.000673 0 3.61814212766 0 0
0.00157 3.61665702128 0.000634 0 3.61665702128 0 0
0.00158 3.61517191489 0.000653 0 3.61517191489 0 0
0.00159 3.61376978723 0.000693 0 3.61376978723 0 0
0.0016 3.61232723404 0.000673 0 3.61232723404 0 0
0.00161 3.61079957447 0.000653 0 3.61079957447 0 0
0.00162 3.60931446809 0.000653 0 3.60931446809 0 0
0.00163 3.60787191489 0.000634 0 3.60787191489 0 0
0.00164 3.6064293617 0.000693 0 3.6064293617 0 0
0.00165 3.60502723404 0.000772 0 3.60502723404 0 0
0.00166 3.60349957447 0.000733 0 3.60349957447 0 0
0.00167 3.60180382979 0.000673 0 3.60180382979 0 0
0.00168 3.60019106383 0.000673 0 3.60019106383 0 0
0.00169 3.59870595745 0.000693 0 3.59870595745 0 0
0.0017 3.59722085106 0.000713 0 3.59722085106 0 0
0.00171 3.59569319149 0.000832 0 3.59569319149 0 0
0.00172 3.59412297872 0.00103 0 3.59412297872 0 0
0.00173 3.59229957447 0.000931 0 3.59229957447 0 0
0.00174 3.59005489362 0.000792 0 3.59005489362 0 0
0.00175 3.58802085106 0.000812 0 3.58802085106 0 0.2
0.001754 3.58802085106 0.000812 1 3.75753829787 0 0.12
0.00176 4.01181446809 2.63683828272e-05 1 4.01181446809 0 0
0.00177 4.01003361702 6.85897349455e-05 1 4.01003361702 0 0
0.00178 4.00992432259 7.38657758926e-05 1 4.00992432259 0 0
0.00179 4.00972519549 6.33180885759e-05 1 4.00972519549 0 0
0.0018 4.00951484278 7.38733195843e-05 1 4.00951484278 0 0
0.00181 4.00932693195 7.38767819102e-05 1 4.00932693195 0 0
0.00182 4.00911656319 6.86054243071e-05 1 4.00911656319 0 0
0.00183 4.00890618706 6.2658865052e-05 1 4.00890618706 0 0
0.00184 4.00870702658 6.82763368445e-05 1 4.00870702658 0 0
0.00185 4.00852051836 7.28857977469e-05 1 4.00852051836 0 0
0.00186 4.00832205806 6.26679962693e-05 1 4.00832205806 0 0
0.00187 4.00811379041 4.68366113119e-05 1 4.00811379041 0 0
0.00188 4.00792726276 6.76172969662e-05 1 4.00792726276 0 0
0.00189 4.0077744189 8.37895423272e-05 1 4.0077744189 0 0
0.0019 4.00757736083 6.33520234881e-05 1 4.00757736083 0 0
0.00191 4.00734589371 7.91908680259e-05 1 4.00734589371 0 0
0.00192 4.00715791069 6.33586548752e-05 1 4.00715791069 0 0
0.00193 4.00693622799 4.75228653948e-05 1 4.00693622799 0 0
0.00194 4.00674823085 6.86434853631e-05 1 4.00674823085 0 0
0.00195 4.00659392688 6.33675734868e-05 1 4.00659392688 0 0
0.00196 4.00639468542 5.8089415933e-05 1 4.00639468542 0 0
0.00197 4.00620666931 6.33736988754e-05 1 4.00620666931 0 0
0.00198 4.00602988332 4.22543184883e-05 1 4.00602988332 0 0
0.00199 4.00584185417 3.6974264121e-05 1 4.00584185417 0 0
0.002 4.00569875988 4.22578113609e-05 1 4.00569875988 0 0
0.00201 4.00556689974 4.7541602762e-05 1 4.00556689974 0 0
0.00202 4.00542379801 3.69781232179e-05 1 4.00542379801 0 0
0.00203 4.00526945418 5.28254344056e-05 1 4.00526945418 0 0
0.00204 4.00513758583 4.68689238002e-05 1 4.00513758583 0 0
0.00205 4.0049719998 8.3514254793e-05 1 4.0049719998 0 0
0.00206 4.0048190872 5.71054938314e-05 1 4.0048190872 0 0
0.00207 4.0045882058 7.8575009388e-05 1 4.0045882058 0 0
0.00208 4.00441351326 7.89148938979e-05 1 4.00441351326 0 0
0.00209 4.0041931409 6.27326162704e-05 1 4.0041931409 0 0
0.0021 4.00397204538 7.26321015263e-05 1 4.00397204538 0 0
0.00211 4.00378538024 5.77907639002e-05 1 4.00378538024 0 0
0.00212 4.00357765237 4.68896781818e-05 1 4.00357765237 0 0
0.00213 4.0034015018 7.2978994396e-05 1 4.0034015018 0 0
0.00214 4.00324854504 5.74619590495e-05 1 4.00324854504 0 0
0.00215 4.0030400791 7.92785415355e-05 1 4.0030400791 0 0
0.00216 4.00286462812 6.30900234954e-05 1 4.00286462812 0 0
0.00217 4.00264275888 7.40001517001e-05 1 4.00264275888 0 0
0.00218 4.0024553333 5.81465895039e-05 1 4.0024553333 0 0
0.00219 4.00224469468 6.87207266221e-05 1 4.00224469468 0 0
0.0022 4.00206778704 6.34392390642e-05 1 4.00206778704 0 0
0.00221 4.00186838124 4.75830469339e-05 1 4.00186838124 0 0
0.00222 4.00168021265 6.87304204541e-05 1 4.00168021265 0 0
0.00223 4.00152578063 6.34478319051e-05 1 4.00152578063 0 0
0.00224 4.00132635421 4.75894926211e-05 1 4.00132635421 0 0
0.00225 4.00113816733 4.75942250479e-05 1 4.00113816733 0 0
0.00226 4.0009837216 4.23076109132e-05 1 4.0009837216 0 0
0.00227 4.0008292658 3.70205887087e-05 1 4.0008292658 0 0
0.00228 4.00068605812 4.23107587309e-05 1 4.00068605812 0 0
0.00229 4.00055409942 4.23121543558e-05 1 4.00055409942 0 0
0.0023 4.00041088504 5.78395125565e-05 1 4.00041088504 0 0
0.00231 4.00026766769 6.27916812751e-05 1 4.00026766769 0 0
0.00232 4.00009141341 7.86633412455e-05 1 4.00009141341 0 0
0.00233 3.9999046226 7.86670147304e-05 1 3.9999046226 0 0
0.00234 3.9996840623 7.90082072985e-05 1 3.9996840623 0 0
0.00235 3.99946349418 6.24699289012e-05 1 3.99946349418 0 0
0.00236 3.99924220012 6.84379233769e-05 1 3.99924220012 0 0
0.00237 3.99905609389 6.77672934768e-05 1 3.99905609389 0 0
0.00238 3.9988572898 7.90245424183e-05 1 3.9988572898 0 0
0.00239 3.99865991258 7.33999776081e-05 1 3.99865991258 0 0
0.0024 3.99843858377 5.22417616626e-05 1 3.99843858377 0 0
0.00241 3.99822922211 8.39920737484e-05 1 3.99822922211 0 0
0.00242 3.99806487794 6.84555804464e-05 1 3.99806487794 0 0
0.00243 3.99783297991 6.24979034281e-05 1 3.99783297991 0 0
0.00244 3.99763413825 6.24985157431e-05 1 3.99763413825 0 0
0.00245 3.9974479725 6.35125552203e-05 1 3.9974479725 0 0
0.00246 3.99726180544 5.19200827869e-05 1 3.99726180544 0 0
0.00247 3.99707348086 6.78009071494e-05 1 3.99707348086 0 0
0.00248 3.9969098211 8.43543915319e-05 1 3.9969098211 0 0
0.00249 3.99671237237 7.41099543231e-05 1 3.99671237237 0 0
0.0025 3.99647970345 5.82335316434e-05 1 3.99647970345 0 0
0.00251 3.9962688312 5.82366044686e-05 1 3.9962688312 0 0
0.00252 3.99609173858 6.35341107518e-05 1 3.99609173858 0 0
0.00253 3.99591463943 5.82417664724e-05 1 3.99591463943 0 0
0.00254 3.99572626898 6.88328341392e-05 1 3.99572626898 0 0
0.00255 3.99554915884 6.35427384323e-05 1 3.99554915884 0 0
0.00256 3.99534951451 3.70713636454e-05 1 3.99534951451 0 0
0.00257 3.9951611257 4.76654293512e-05 1 3.9951611257 0 0
0.00258 3.99502905897 4.23706711678e-05 1 3.99502905897 0 0
0.00259 3.99487445167 3.70757721011e-05 1 3.99487445167 0 0
0.0026 3.99473110982 4.23738314069e-05 1 3.99473110982 0 0
0.00261 3.99459903371 4.23752324413e-05 1 3.99459903371 0 0
0.00262 3.99445568513 5.26286493999e-05 1 3.99445568513 0 0
0.00263 3.99431233357 6.25504916138e-05 1 3.99431233357 0 0
0.00264 3.99414716624 7.91177326148e-05 1 3.99414716624 0 0
0.00265 3.99396088859 8.47565102518e-05 1 3.99396088859 0 0
0.00266 3.9937393615 7.41676218507e-05 1 3.9937393615 0 0
0.00267 3.99350583701 8.47661680777e-05 1 3.99350583701 0 0
0.00268 3.99329484207 6.81999579285e-05 1 3.99329484207 0 0
0.00269 3.99306129703 7.35053898721e-05 1 3.99306129703 0 0
0.0027 3.99286299925 7.91406788077e-05 1 3.99286299925 0 0
0.00271 3.99265341332 6.22415326647e-05 1 3.99265341332 0 0
0.00272 3.9924318374 7.94891915764e-05 1 3.9924318374 0 0
0.00273 3.99224621712 8.47929132095e-05 1 3.99224621712 0 0
0.00274 3.99202389969 7.4199493334e-05 1 3.99202389969 0 0
0.00275 3.99179029775 7.35262942573e-05 1 3.99179029775 0 0
0.00276 3.991579235 7.88310934948e-05 1 3.991579235 0 0
0.00277 3.99136960458 5.79705310555e-05 1 3.99136960458 0 0
0.00278 3.99114868736 8.38035057649e-05 1 3.99114868736 0 0
0.00279 3.99097215432 7.91806746085e-05 1 3.99097215432 0 0
0.0028 3.9907406575 8.4824902456e-05 1 3.9907406575 0 0
0.00281 3.99051899649 7.42274754224e-05 1 3.99051899649 0 0
0.00282 3.99028532648 7.38916732959e-05 1 3.99028532648 0 0
0.00283 3.9900742042 7.88608280857e-05 1 3.9900742042 0 0
0.00284 3.98986379638 7.92026704795e-05 1 3.98986379638 0 0
0.00285 3.98964281589 6.29614036575e-05 1 3.98964281589 0 0
0.00286 3.98942110808 7.32347395398e-05 1 3.98942110808 0 0
0.00287 3.98923395616 5.76638288173e-05 1 3.98923395616 0 0
0.00288 3.98902494608 4.70607404649e-05 1 3.98902494608 0 0
0.00289 3.98884906559 5.76718947128e-05 1 3.98884906559 0 0
0.0029 3.98869574487 8.94950667999e-05 1 3.98869574487 0 0
0.00291 3.98851984722 7.92293581648e-05 1 3.98851984722 0 0
0.00292 3.98827624069 6.29829772616e-05 1 3.98827624069 0 0
0.00293 3.9880544761 6.26486427459e-05 1 3.9880544761 0 0
0.00294 3.98786727828 6.36651416351e-05 1 3.98786727828 0 0
0.00295 3.9876807918 7.9246028963e-05 1 3.9876807918 0 0
0.00296 3.98749214257 5.83647864252e-05 1 3.98749214257 0 0
0.00297 3.9872703425 7.42854499232e-05 1 3.9872703425 0 0
0.00298 3.98709297062 5.83706296763e-05 1 3.98709297062 0 0
0.00299 3.98688172498 5.83737224545e-05 1 3.98688172498 0 0
0.003 3.98670434066 6.36837130118e-05 1 3.98670434066 0 0
0.00301 3.98652694976 5.83789173398e-05 1 3.98652694976 0 0
0.00302 3.98633826101 5.83816806389e-05 1 3.98633826101 0 0
0.00303 3.98616085906 6.36923957839e-05 1 3.98616085906 0 0
0.00304 3.98598345123 4.77751783754e-05 1 3.98598345123 0 0
0.00305 3.985794744 3.71602313355e-05 1 3.985794744 0 0
0.00306 3.9856399032 4.24704857124e-05 1 3.9856399032 0 0
0.00307 3.98550764739 4.24718950607e-05 1 3.98550764739 0 0
0.00308 3.98536409316 4.24734249134e-05 1 3.98536409316 0 0
0.00309 3.98522053594 4.77818201755e-05 1 3.98522053594 0 0
0.0031 3.98507697546 7.8957214234e-05 1 3.98507697546 0 0
0.00311 3.98492212052 7.36530198505e-05 1 3.98492212052 0 0
0.00312 3.98470093496 6.30394892567e-05 1 3.98470093496 0 0
0.00313 3.98449103492 7.36634929905e-05 1 3.98449103492 0 0
0.00314 3.98430371686 7.93106928093e-05 1 3.98430371686 0 0
0.00315 3.98409379453 6.23752553679e-05 1 3.98409379453 0 0
0.00316 3.98387185689 6.83637750874e-05 1 3.98387185689 0 0
0.00317 3.98368595209 7.89872895732e-05 1 3.98368595209 0 0
0.00318 3.98348730576 5.80852398556e-05 1 3.98348730576 0 0
0.00319 3.98326605621 8.39693475933e-05 1 3.98326605621 0 0
0.0032 3.9830892791 7.40251696715e-05 1 3.9830892791 0 0
0.00321 3.98285742942 7.36937067476e-05 1 3.98285742942 0 0
0.00322 3.98264673757 5.77592036447e-05 1 3.98264673757 0 0
0.00323 3.98243675096 7.37014912667e-05 1 3.98243675096 0 0
0.00324 3.98226066755 7.40405725081e-05 1 3.98226066755 0 0
0.00325 3.98205066438 6.8395041288e-05 1 3.98205066438 0 0
0.00326 3.98183993976 7.37100316653e-05 1 3.98183993976 0 0
0.00327 3.9816412269 6.84020744413e-05 1 3.9816412269 0 0
0.00328 3.98143120556 7.9032021306e-05 1 3.98143120556 0 0
0.00329 3.98123247774 7.93743820009e-05 1 3.98123247774 0 0
0.0033 3.98101113302 6.30979174355e-05 1 3.98101113302 0 0
0.00331 3.98078905986 7.33935436849e-05 1 3.98078905986 0 0
0.00332 3.98060161748 6.27684464586e-05 1 3.98060161748 0 0
0.00333 3.98039226952 6.34462149299e-05 1 3.98039226952 0 0
0.00334 3.98020552814 7.8717855647e-05 1 3.98020552814 0 0
0.00335 3.98001734471 6.34521916777e-05 1 3.98001734471 0 0
0.00336 3.97979666842 6.87723152867e-05 1 3.97979666842 0 0
0.00337 3.97960847227 7.34128089297e-05 1 3.97960847227 0 0
0.00338 3.9794089567 5.84833400651e-05 1 3.9794089567 0 0
0.00339 3.97919956775 4.75155307324e-05 1 3.97919956775 0 0
0.0034 3.97902194362 7.90798744829e-05 1 3.97902194362 0 0
0.00341 3.97886765526 7.37676024569e-05 1 3.97886765526 0 0
0.00342 3.97864620871 6.34740588102e-05 1 3.97864620871 0 0
0.00343 3.97843606488 6.8118527865e-05 1 3.97843606488 0 0
0.00344 3.9782478222 7.94339321344e-05 1 3.9782478222 0 0
0.00345 3.97804969767 6.31448903033e-05 1 3.97804969767 0 0
0.00346 3.97782749782 7.31094810593e-05 1 3.97782749782 0 0
0.00347 3.9776399555 5.25149279102e-05 1 3.9776399555 0 0
0.00348 3.97743121192 8.97485269038e-05 1 3.97743121192 0 0
0.00349 3.97726628654 7.94535353571e-05 1 3.97726628654 0 0
0.0035 3.97702214074 6.31612052665e-05 1 3.97702214074 0 0
0.00351 3.97679989918 6.28284514772e-05 1 3.97679989918 0 0
0.00352 3.97661232214 6.84885770948e-05 1 3.97661232214 0 0
0.00353 3.9764254531 7.9131511348e-05 1 3.9764254531 0 0
0.00354 3.97622654123 7.94743116987e-05 1 3.97622654123 0 0
0.00355 3.97600498483 6.28385027378e-05 1 3.97600498483 0 0
0.00356 3.97578269906 7.34859618546e-05 1 3.97578269906 0 0
0.00357 3.97559580862 6.85060888258e-05 1 3.97559580862 0 0
0.00358 3.97538626402 7.91521967849e-05 1 3.97538626402 0 0
0.00359 3.9751873149 5.82065189103e-05 1 3.9751873149 0 0
0.0036 3.97496571448 8.44836377992e-05 1 3.97496571448 0 0
0.00361 3.97478867933 7.35043393085e-05 1 3.97478867933 0 0
0.00362 3.97455573542 5.25556790295e-05 1 3.97455573542 0 0
0.00363 3.97434615172 8.44968079947e-05 1 3.97434615172 0 0
0.00364 3.97418113964 6.88669797035e-05 1 3.97418113964 0 0
0.00365 3.97394816771 6.28735375892e-05 1 3.97394816771 0 0
0.00366 3.97374845073 8.48460591171e-05 1 3.97374845073 0 0
0.00367 3.97356148576 6.85411615191e-05 1 3.97356148576 0 0
0.00368 3.97332777074 6.32199320758e-05 1 3.97332777074 0 0
0.00369 3.97312874699 7.35350486658e-05 1 3.97312874699 0 0
0.0037 3.97294104501 6.82127433744e-05 1 3.97294104501 0 0
0.00371 3.97273139597 8.52094323173e-05 1 3.97273139597 0 0
0.00372 3.97253307098 7.45635455871e-05 1 3.97253307098 0 0
0.00373 3.97229858283 8.52187165544e-05 1 3.97229858283 0 0
0.00374 3.9720867455 5.7912759388e-05 1 3.9720867455 0 0
0.00375 3.97185223759 7.3897896967e-05 1 3.97185223759 0 0
0.00376 3.97167582746 6.89104206313e-05 1 3.97167582746 0 0
0.00377 3.9714654064 6.25735949866e-05 1 3.9714654064 0 0
0.00378 3.971265597 7.39088132618e-05 1 3.971265597 0 0
0.00379 3.9710792702 9.02313651798e-05 1 3.9710792702 0 0
0.0038 3.97086882592 7.45947961819e-05 1 3.97086882592 0 0
0.00381 3.9706236528 8.52546644053e-05 1 3.9706236528 0 0
0.00382 3.97041174898 6.36057012228e-05 1 3.97041174898 0 0
0.00383 3.97017716459 7.92560489927e-05 1 3.97017716459 0 0
0.00384 3.96998864182 7.95991868072e-05 1 3.96998864182 0 0
0.00385 3.96976682044 6.29372483135e-05 1 3.96976682044 0 0
0.00386 3.96954426898 7.39408626112e-05 1 3.96954426898 0 0
0.00387 3.96935716845 6.82743316976e-05 1 3.96935716845 0 0
0.00388 3.96914665597 8.52863893275e-05 1 3.96914665597 0 0
0.00389 3.96894819995 7.46308935799e-05 1 3.96894819995 0 0
0.0039 3.96871354806 8.52956966786e-05 1 3.96871354806 0 0
0.00391 3.96850156743 5.79650782674e-05 1 3.96850156743 0 0
0.00392 3.96826689574 7.39646639537e-05 1 3.96826689574 0 0
0.00393 3.96809037429 6.89726861199e-05 1 3.96809037429 0 0
0.00394 3.96787981118 7.36323249868e-05 1 3.96787981118 0 0
0.00395 3.96767986929 6.29728677038e-05 1 3.96767986929 0 0
0.00396 3.96747001328 9.03134497773e-05 1 3.96747001328 0 0
0.00397 3.96728283697 7.46622217035e-05 1 3.96728283697 0 0
0.00398 3.9670374892 8.5331733799e-05 1 3.9670374892 0 0
0.00399 3.96682544192 7.43311858298e-05 1 3.96682544192 0 0
0.004 3.96659069355 7.96648589582e-05 1 3.96659069355 0 0
0.00401 3.9663793506 7.39998627153e-05 1 3.9663793506 0 0
0.00402 3.96615665942 6.90063140174e-05 1 3.96615665942 0 0
0.00403 3.96594602141 6.30003984299e-05 1 3.96594602141 0 0
0.00404 3.96574600798 7.36719434824e-05 1 3.96574600798 0 0
0.00405 3.96555877308 6.83397280061e-05 1 3.96555877308 0 0
0.00406 3.96534883278 6.83433461653e-05 1 3.96534883278 0 0
0.00407 3.96515023761 7.40228011129e-05 1 3.96515023761 0 0
0.00408 3.96495163475 4.20099600749e-05 1 3.96495163475 0 0
0.00409 3.96474094794 4.66693402702e-05 1 3.96474094794 0 0
0.0041 3.96459837356 6.33591320261e-05 1 3.96459837356 0 0
0.00411 3.9644458856 6.30242376136e-05 1 3.9644458856 0 0
0.00412 3.96425788744 7.43768110132e-05 1 3.96425788744 0 0
0.00413 3.96407060183 4.8039273139e-05 1 3.96407060183 0 0
0.00414 3.96385916181 4.27038539094e-05 1 3.96385916181 0 0
0.00415 3.9637037591 4.27055281755e-05 1 3.9637037591 0 0
0.00416 3.96355970835 4.80454652879e-05 1 3.96355970835 0 0
0.00417 3.96341565403 4.73648196611e-05 1 3.96341565403 0 0
0.00418 3.96326023815 7.93943715423e-05 1 3.96326023815 0 0
0.00419 3.96310627045 4.27119665767e-05 1 3.96310627045 0 0
0.0042 3.96288415476 4.27143605397e-05 1 3.96288415476 0 0
0.00421 3.96274008675 4.80554026293e-05 1 3.96274008675 0 0
0.00422 3.96259601364 4.27174665246e-05 1 3.96259601364 0 0
0.00423 3.96244057661 3.70392287907e-05 1 3.96244057661 0 0
0.00424 3.9622964969 7.94136824724e-05 1 3.9622964969 0 0
0.00425 3.96216449854 6.87383170743e-05 1 3.96216449854 0 0
0.00426 3.96194234177 8.54414723381e-05 1 3.96194234177 0 0
0.00427 3.96174289854 7.44265457475e-05 1 3.96174289854 0 0
0.00428 3.96150791668 8.51082221866e-05 1 3.96150791668 0 0
0.00429 3.96129637084 7.90936135241e-05 1 3.96129637084 0 0
0.0043 3.96106209803 5.70560477907e-05 1 3.96106209803 0 0
0.00431 3.96084062226 5.84173506797e-05 1 3.96084062226 0 0
0.00432 3.96066603492 5.77395797292e-05 1 3.96066603492 0 0
0.00433 3.96048855119 4.17171129477e-05 1 3.96048855119 0 0
0.00434 3.96031250954 6.30900159769e-05 1 3.96031250954 0 0
0.00435 3.96017055823 7.41158803909e-05 1 3.96017055823 0 0
0.00436 3.95998313267 5.87702319622e-05 1 3.95998313267 0 0
0.00437 3.95977224781 4.80914200277e-05 1 3.95977224781 0 0
0.00438 3.95959401328 4.27498531404e-05 1 3.95959401328 0 0
0.00439 3.95943849962 4.27515322134e-05 1 3.95943849962 0 0
0.0044 3.95929435099 3.70686617553e-05 1 3.95929435099 0 0
0.00441 3.9591501988 7.41349816712e-05 1 3.9591501988 0 0
0.00442 3.95901813782 6.37887513131e-05 1 3.95901813782 0 0
0.00443 3.95880721232 4.27583495444e-05 1 3.95880721232 0 0
0.00444 3.95861830009 4.27603900481e-05 1 3.95861830009 0 0
0.00445 3.95847413338 4.8107190793e-05 1 3.95847413338 0 0
0.00446 3.95832996234 4.24231310943e-05 1 3.95832996234 0 0
0.00447 3.95817441513 5.27731862238e-05 1 3.95817441513 0 0
0.00448 3.95803096166 8.55233854669e-05 1 3.95803096166 0 0
0.00449 3.95786548679 7.41590456778e-05 1 3.95786548679 0 0
0.0045 3.95763033065 7.48443199558e-05 1 3.95763033065 0 0
0.00451 3.95741935396 7.9852004364e-05 1 3.95741935396 0 0
0.00452 3.95720691924 8.48602540035e-05 1 3.95720691924 0 0
0.00453 3.95698382987 6.24621092262e-05 1 3.95698382987 0 0
0.00454 3.95675008465 7.41774288916e-05 1 3.95675008465 0 0
0.00455 3.95656399505 6.38283176395e-05 1 3.95656399505 0 0
0.00456 3.95635297925 4.6768285174e-05 1 3.95635297925 0 0
0.00457 3.95616398282 4.71110795326e-05 1 3.95616398282 0 0
0.00458 3.95601128435 6.91858065068e-05 1 3.95601128435 0 0
0.00459 3.95585785652 6.38397112831e-05 1 3.95585785652 0 0
0.0046 3.95565746118 5.88344995887e-05 1 3.95565746118 0 0
0.00461 3.95546844052 6.28266592391e-05 1 3.95546844052 0 0
0.00462 3.95529006925 7.35260623159e-05 1 3.95529006925 0 0
0.00463 3.95510320401 6.41925436575e-05 1 3.95510320401 0 0
0.00464 3.95489357409 7.95623320757e-05 1 3.95489357409 0 0
0.00465 3.95470380272 6.88679944661e-05 1 3.95470380272 0 0
0.00466 3.95448132968 7.38818043147e-05 1 3.95448132968 0 0
0.00467 3.95428161054 6.88753473893e-05 1 3.95428161054 0 0
0.00468 3.95407122372 6.88790120844e-05 1 3.95407122372 0 0
0.00469 3.95387148894 7.42339573359e-05 1 3.95387148894 0 0
0.0047 3.95367174636 7.95869197173e-05 1 3.95367174636 0 0
0.00471 3.95346061028 7.45799411623e-05 1 3.95346061028 0 0
0.00472 3.95323808492 7.32234148903e-05 1 3.95323808492 0 0
0.00473 3.95302621271 5.78511702171e-05 1 3.95302621271 0 0
0.00474 3.95281722672 4.17980743207e-05 1 3.95281722672 0 0
0.00475 3.95264094763 3.61084677329e-05 1 3.95264094763 0 0
0.00476 3.95249882407 7.39188621603e-05 1 3.95249882407 0 0
0.00477 3.95236880605 6.38960673534e-05 1 3.95236880605 0 0
0.00478 3.95215834039 6.3899470033e-05 1 3.95215834039 0 0
0.00479 3.95196919982 7.49490080469e-05 1 3.95196919982 0 0
0.0048 3.95178005201 8.56586660109e-05 1 3.95178005201 0 0
0.00481 3.95156739455 5.35433355181e-05 1 3.95156739455 0 0
0.00482 3.95133195058 8.53274035653e-05 1 3.95133195058 0 0
0.00483 3.9511648371 4.81961847291e-05 1 3.9511648371 0 0
0.00484 3.95093009794 4.28435984356e-05 1 3.95093009794 0 0
0.00485 3.95077436138 4.82009482104e-05 1 3.95077436138 0 0
0.00486 3.9506300133 4.82027093762e-05 1 3.9506300133 0 0
0.00487 3.9504742666 5.32171007794e-05 1 3.9504742666 0 0
0.00488 3.95031851615 6.96240473809e-05 1 3.95031851615 0 0
0.00489 3.95015209679 8.56964943893e-05 1 3.95015209679 0 0
0.0049 3.94995076903 7.49898335587e-05 1 3.94995076903 0 0
0.00491 3.94971524457 6.96372082246e-05 1 3.94971524457 0 0
0.00492 3.94950250024 7.32926722883e-05 1 3.94950250024 0 0
0.00493 3.94930114448 6.32633954677e-05 1 3.94930114448 0 0
0.00494 3.94909201114 6.36079157113e-05 1 3.94909201114 0 0
0.00495 3.94890421668 7.39861490008e-05 1 3.94890421668 0 0
0.00496 3.9487156892 6.32727751982e-05 1 3.9487156892 0 0
0.00497 3.94850508037 7.43348486192e-05 1 3.94850508037 0 0
0.00498 3.94831726596 7.43383845955e-05 1 3.94831726596 0 0
0.00499 3.94810591521 5.25639861088e-05 1 3.94810591521 0 0
0.005 3.94789455695 3.11335853023e-05 1 3.94789455695 0 0
0.00501 3.94772952719 6.8648372711e-05 1 3.94772952719 0 0
0.00502 3.94761009403 7.43517015182e-05 1 3.94761009403 0 0
0.00503 3.94741084217 6.39763210708e-05 1 3.94741084217 0 0
0.00504 3.94719945557 4.28840914853e-05 1 3.94719945557 0 0
0.00505 3.94701014425 4.82469168875e-05 1 3.94701014425 0 0
0.00506 3.94686571002 4.28877177488e-05 1 3.94686571002 0 0
0.00507 3.94670986551 4.28894112644e-05 1 3.94670986551 0 0
0.00508 3.94656542356 6.36486374408e-05 1 3.94656542356 0 0
0.00509 3.946420978 6.36509670866e-05 1 3.946420978 0 0
0.0051 3.94623236388 4.82564260855e-05 1 3.94623236388 0 0
0.00511 3.9460437448 4.28966513071e-05 1 3.9460437448 0 0
0.00512 3.94588788007 4.28983457484e-05 1 3.94588788007 0 0
0.00513 3.94574341911 4.82624058781e-05 1 3.94574341911 0 0
0.00514 3.94559895454 4.75786996748e-05 1 3.94559895454 0 0
0.00515 3.94544307708 7.4731495029e-05 1 3.94544307708 0 0
0.00516 3.94528865432 7.439545066e-05 1 3.94528865432 0 0
0.00517 3.94507645965 7.50824866804e-05 1 3.94507645965 0 0
0.00518 3.94486497996 8.546981381e-05 1 3.94486497996 0 0
0.00519 3.9446520385 8.54718978192e-05 1 3.9446520385 0 0
0.0052 3.94441699635 6.83644494328e-05 1 3.94441699635 0 0
0.00521 3.94418194975 6.30039109842e-05 1 3.94418194975 0 0
0.00522 3.94398330199 5.86670373325e-05 1 3.94398330199 0 0
0.00523 3.94379605963 4.69171938876e-05 1 3.94379605963 0 0
0.00524 3.94361804465 4.72609552772e-05 1 3.94361804465 0 0
0.00525 3.94346502935 7.4429854262e-05 1 3.94346502935 0 0
0.00526 3.94331128263 6.90669592331e-05 1 3.94331128263 0 0
0.00527 3.94309972975 5.36583179046e-05 1 3.94309972975 0 0
0.00528 3.94289958729 4.29308580693e-05 1 3.94289958729 0 0
0.00529 3.94273222916 4.82992654118e-05 1 3.94273222916 0 0
0.0053 3.94258769542 4.29342542615e-05 1 3.94258769542 0 0
0.00531 3.94243173954 4.79586691268e-05 1 3.94243173954 0 0
0.00532 3.94228719857 7.41103326696e-05 1 3.94228719857 0 0
0.00533 3.94213196736 4.83040883929e-05 1 3.94213196736 0 0
0.00534 3.94192109431 4.8309204022e-05 1 3.94192109431 0 0
0.00535 3.94176512817 4.29432137785e-05 1 3.94176512817 0 0
0.00536 3.94160915114 4.29449131238e-05 1 3.94160915114 0 0
0.00537 3.94146459111 3.72363469705e-05 1 3.94146459111 0 0
0.00538 3.94132002746 5.83673697475e-05 1 3.94132002746 0 0
0.00539 3.9411876097 9.09157186289e-05 1 3.9411876097 0 0
0.0054 3.94101023232 7.48180851346e-05 1 3.94101023232 0 0
0.00541 3.94076360313 8.59006581187e-05 1 3.94076360313 0 0
0.00542 3.94055122423 6.91153354197e-05 1 3.94055122423 0 0
0.00543 3.94031526538 8.52240396248e-05 1 3.94031526538 0 0
0.00544 3.94011501999 7.34672949861e-05 1 3.94011501999 0 0
0.00545 3.93988050075 5.83861627063e-05 1 3.93988050075 0 0
0.00546 3.93967099587 6.9472763473e-05 1 3.93967099587 0 0
0.00547 3.9394935785 5.26814322003e-05 1 3.9394935785 0 0
0.00548 3.93929257262 6.41081663221e-05 1 3.93929257262 0 0
0.00549 3.93912729298 8.02202784129e-05 1 3.93912729298 0 0
0.0055 3.93893770114 6.41139420317e-05 1 3.93893770114 0 0
0.00551 3.9387138282 5.30339305232e-05 1 3.9387138282 0 0
0.00552 3.93852422407 8.49232435809e-05 1 3.93852422407 0 0
0.00553 3.93835819443 6.41233760287e-05 1 3.93835819443 0 0
0.00554 3.93812431519 8.02407092452e-05 1 3.93812431519 0 0
0.00555 3.93793469099 5.27022868953e-05 1 3.93793469099 0 0
0.00556 3.93771077458 6.98469692882e-05 1 3.93771077458 0 0
0.00557 3.93754545057 6.88259250203e-05 1 3.93754545057 0 0
0.00558 3.93734364851 6.88294525797e-05 1 3.93734364851 0 0
0.00559 3.93714401888 7.45493499893e-05 1 3.93714401888 0 0
0.0056 3.93694438175 4.2308817124e-05 1 3.93694438175 0 0
0.00561 3.93673257462 4.70013750935e-05 1 3.93673257462 0 0
0.00562 3.93658936437 6.38099350809e-05 1 3.93658936437 0 0
0.00563 3.93643616995 6.34726866416e-05 1 3.93643616995 0 0
0.00564 3.93624721265 7.49060828179e-05 1 3.93624721265 0 0
0.00565 3.93605897289 4.83811527458e-05 1 3.93605897289 0 0
0.00566 3.93584640675 4.30077917352e-05 1 3.93584640675 0 0
0.00567 3.93569027664 4.30094978683e-05 1 3.93569027664 0 0
0.00568 3.93554557921 4.83874640888e-05 1 3.93554557921 0 0
0.00569 3.93540087815 4.77019936488e-05 1 3.93540087815 0 0
0.0057 3.93524473461 7.99595900856e-05 1 3.93524473461 0 0
0.00571 3.93509004952 4.30160581927e-05 1 3.93509004952 0 0
0.00572 3.93486673124 4.30184995135e-05 1 3.93486673124 0 0
0.00573 3.93472201622 4.83975919007e-05 1 3.93472201622 0 0
0.00574 3.93457729601 4.30216640387e-05 1 3.93457729601 0 0
0.00575 3.93442113092 3.73030080418e-05 1 3.93442113092 0 0
0.00576 3.93427640398 7.9979270279e-05 1 3.93427640398 0 0
0.00577 3.93414384439 6.92279007514e-05 1 3.93414384439 0 0
0.00578 3.93392048424 8.60500837157e-05 1 3.93392048424 0 0
0.00579 3.93371999934 7.49567430135e-05 1 3.93371999934 0 0
0.0058 3.93348372257 8.57145776485e-05 1 3.93348372257 0 0
0.00581 3.93327104865 7.96571709233e-05 1 3.93327104865 0 0
0.00582 3.93303548572 5.74626263068e-05 1 3.93303548572 0 0
0.00583 3.93281281088 5.88336711517e-05 1 3.93281281088 0 0
0.00584 3.93263735849 5.81511010188e-05 1 3.93263735849 0 0
0.00585 3.93245898897 4.20144618626e-05 1 3.93245898897 0 0
0.00586 3.93228207174 6.35397397597e-05 1 3.93228207174 0 0
0.00587 3.93213948778 7.46442307894e-05 1 3.93213948778 0 0
0.00588 3.93195110535 5.91892221031e-05 1 3.93195110535 0 0
0.00589 3.93173909635 4.84343100387e-05 1 3.93173909635 0 0
0.0059 3.93155997035 4.30546815616e-05 1 3.93155997035 0 0
0.00591 3.93140372713 4.30563926557e-05 1 3.93140372713 0 0
0.00592 3.93125892994 3.73330135975e-05 1 3.93125892994 0 0
0.00593 3.9311141291 7.46637003613e-05 1 3.9311141291 0 0
0.00594 3.93098150567 6.42437068383e-05 1 3.93098150567 0 0
0.00595 3.93076945524 4.30633402673e-05 1 3.93076945524 0 0
0.00596 3.93057957502 4.30654205907e-05 1 3.93057957502 0 0
0.00597 3.9304347594 4.84503832378e-05 1 3.9304347594 0 0
0.00598 3.93028993935 4.27257921167e-05 1 3.93028993935 0 0
0.00599 3.93013366194 5.314971283e-05 1 3.93013366194 0 0
0.006 3.92998956451 8.61336148778e-05 1 3.92998956451 0 0
0.00601 3.92982328853 7.46882253658e-05 1 3.92982328853 0 0
0.00602 3.92958683403 7.53784464487e-05 1 3.92958683403 0 0
0.00603 3.92937473142 8.0421921838e-05 1 3.92937473142 0 0
0.00604 3.92916116026 8.54659736809e-05 1 3.92916116026 0 0
0.00605 3.9289368583 6.29079990597e-05 1 3.9289368583 0 0
0.00606 3.92870182431 7.43640646336e-05 1 3.92870182431 0 0
0.00607 3.92851478602 5.35145719498e-05 1 3.92851478602 0 0
0.00608 3.92830337311 6.39445297174e-05 1 3.92830337311 0 0
0.00609 3.92813632083 6.39472490933e-05 1 3.92813632083 0 0
0.0061 3.92794707715 7.00205878888e-05 1 3.92794707715 0 0
0.00611 3.92775782768 6.39534112847e-05 1 3.92775782768 0 0
0.00612 3.92755565622 6.9344025506e-05 1 3.92755565622 0 0
0.00613 3.92736639364 8.01199899188e-05 1 3.92736639364 0 0
0.00614 3.92716566167 7.47362279392e-05 1 3.92716566167 0 0
0.00615 3.92694200212 5.85785335857e-05 1 3.92694200212 0 0
0.00616 3.92672979738 7.47445236088e-05 1 3.92672979738 0 0
0.00617 3.92655197071 6.46593084689e-05 1 3.92655197071 0 0
0.00618 3.92633974832 7.97977924207e-05 1 3.92633974832 0 0
0.00619 3.92614898384 6.43227815543e-05 1 3.92614898384 0 0
0.0062 3.92592600981 8.0149385159e-05 1 3.92592600981 0 0
0.00621 3.92573596134 6.36456913966e-05 1 3.92573596134 0 0
0.00622 3.92551223924 7.44270296356e-05 1 3.92551223924 0 0
0.00623 3.92532363139 5.28690635401e-05 1 3.92532363139 0 0
0.00624 3.92511208452 4.71405250088e-05 1 3.92511208452 0 0
0.00625 3.92494640566 5.86108597571e-05 1 3.92494640566 0 0
0.00626 3.92479291518 7.44406703944e-05 1 3.92479291518 0 0
0.00627 3.92461501973 7.51280974617e-05 1 3.92461501973 0 0
0.00628 3.92440344384 4.21007041154e-05 1 3.92440344384 0 0
0.00629 3.92419040533 4.71515969589e-05 1 3.92419040533 0 0
0.0063 3.92404763788 7.47981560133e-05 1 3.92404763788 0 0
0.00631 3.92389412384 5.86265775976e-05 1 3.92389412384 0 0
0.00632 3.92368178734 6.47066069202e-05 1 3.92368178734 0 0
0.00633 3.92350385845 4.85359712272e-05 1 3.92350385845 0 0
0.00634 3.92331299333 4.31451844018e-05 1 3.92331299333 0 0
0.00635 3.92315653382 4.31469050761e-05 1 3.92315653382 0 0
0.00636 3.92301154406 4.81960802888e-05 1 3.92301154406 0 0
0.00637 3.92286655065 7.48206760623e-05 1 3.92286655065 0 0
0.00638 3.92271081431 5.35937511389e-05 1 3.92271081431 0 0
0.00639 3.92249842989 4.31541441224e-05 1 3.92249842989 0 0
0.0064 3.92233120914 4.3155983913e-05 1 3.92233120914 0 0
0.00641 3.92218620033 4.85522768827e-05 1 3.92218620033 0 0
0.00642 3.92204118759 3.74207551799e-05 1 3.92204118759 0 0
0.00643 3.92188469339 5.86566157144e-05 1 3.92188469339 0 0
0.00644 3.92175188327 8.59709910271e-05 1 3.92175188327 0 0
0.00645 3.92157389047 7.51889030561e-05 1 3.92157389047 0 0
0.00646 3.92133778198 7.55370149686e-05 1 3.92133778198 0 0
0.00647 3.9211246141 8.02475276441e-05 1 3.9211246141 0 0
0.00648 3.92091070556 8.59894349262e-05 1 3.92091070556 0 0
0.00649 3.92068677465 7.38313487127e-05 1 3.92068677465 0 0
0.0065 3.92045062691 6.40726119738e-05 1 3.92045062691 0 0
0.00651 3.92024034745 4.24890938085e-05 1 3.92024034745 0 0
0.00652 3.92005083125 4.72013890502e-05 1 3.92005083125 0 0
0.00653 3.91990723744 6.40814939144e-05 1 3.91990723744 0 0
0.00654 3.91975361746 6.37428277092e-05 1 3.91975361746 0 0
0.00655 3.91956408237 7.52249111141e-05 1 3.91956408237 0 0
0.00656 3.91937526784 4.85870980374e-05 1 3.91937526784 0 0
0.00657 3.91916202335 4.31908815086e-05 1 3.91916202335 0 0
0.00658 3.91900545505 4.31926070287e-05 1 3.91900545505 0 0
0.00659 3.91886036807 4.85934819049e-05 1 3.91886036807 0 0
0.0066 3.91871527742 4.79051052208e-05 1 3.91871527742 0 0
0.00661 3.91855869554 8.03000746739e-05 1 3.91855869554 0 0
0.00662 3.9184035783 4.3199241523e-05 1 3.9184035783 0 0
0.00663 3.91817953559 4.32017116689e-05 1 3.91817953559 0 0
0.00664 3.91803443082 4.86037256044e-05 1 3.91803443082 0 0
0.00665 3.91788932079 4.32049118042e-05 1 3.91788932079 0 0
0.00666 3.91773271712 3.74619081198e-05 1 3.91773271712 0 0
0.00667 3.91758760029 8.03199795311e-05 1 3.91758760029 0 0
0.00668 3.91745470261 6.95228254764e-05 1 3.91745470261 0 0
0.00669 3.91723061755 8.64167112049e-05 1 3.91723061755 0 0
0.0067 3.91702950515 7.52761342977e-05 1 3.91702950515 0 0
0.00671 3.91679244832 8.60798473281e-05 1 3.91679244832 0 0
0.00672 3.91657909484 7.99966594885e-05 1 3.91657909484 0 0
0.00673 3.91634275474 5.77075507738e-05 1 3.91634275474 0 0
0.00674 3.91611935759 8.60946424713e-05 1 3.91611935759 0 0
0.00675 3.91594338408 6.44904174212e-05 1 3.91594338408 0 0
0.00676 3.9157070125 6.95538554676e-05 1 3.9157070125 0 0
0.00677 3.91551660736 7.53026712102e-05 1 3.91551660736 0 0
0.00678 3.91531542894 4.86374785991e-05 1 3.91531542894 0 0
0.00679 3.915102019 4.32356709332e-05 1 3.915102019 0 0
0.0068 3.91494534352 4.32374012178e-05 1 3.91494534352 0 0
0.00681 3.91480016124 4.86438802852e-05 1 3.91480016124 0 0
0.00682 3.91465497528 4.32406083377e-05 1 3.91465497528 0 0
0.00683 3.91449828617 4.32423391681e-05 1 3.91449828617 0 0
0.00684 3.91435309339 4.86494360219e-05 1 3.91435309339 0 0
0.00685 3.91420789692 4.32455472527e-05 1 3.91420789692 0 0
0.00686 3.91405119599 4.32472786091e-05 1 3.91405119599 0 0
0.00687 3.9139059927 4.29020962293e-05 1 3.9139059927 0 0
0.00688 3.91376078573 7.43062542732e-05 1 3.91376078573 0 0
0.00689 3.91361631318 7.49975224789e-05 1 3.91361631318 0 0
0.0069 3.91340502328 6.99390504253e-05 1 3.91340502328 0 0
0.00691 3.91319226259 9.19104381561e-05 1 3.91319226259 0 0
0.00692 3.91299026461 7.50095215099e-05 1 3.91299026461 0 0
0.00693 3.912741519 6.96065708094e-05 1 3.912741519 0 0
0.00694 3.91252873278 8.07681908824e-05 1 3.91252873278 0 0
0.00695 3.91232744221 7.0302689889e-05 1 3.91232744221 0 0
0.00696 3.9121024035 7.46821492974e-05 1 3.9121024035 0 0
0.00697 3.91189963182 8.04367661446e-05 1 3.91189963182 0 0
0.00698 3.91168754214 8.11299920456e-05 1 3.91168754214 0 0
0.00699 3.9114632086 8.11346450815e-05 1 3.9114632086 0 0
0.007 3.91123740011 5.81273486537e-05 1 3.91123740011 0 0
0.00701 3.91101158171 9.16171932252e-05 1 3.91101158171 0 0
0.00702 3.91083471501 7.03295237352e-05 1 3.91083471501 0 0
0.00703 3.91058659332 7.47110973745e-05 1 3.91058659332 0 0
0.00704 3.91038376455 8.04679476011e-05 1 3.91038376455 0 0
0.00705 3.91017161328 8.11614452167e-05 1 3.91017161328 0 0
0.00706 3.90994721339 7.03454875227e-05 1 3.90994721339 0 0
0.00707 3.90972133798 7.43830260444e-05 1 3.90972133798 0 0
0.00708 3.90951847524 7.5418203436e-05 1 3.90951847524 0 0
0.00709 3.90930702199 7.03570073588e-05 1 3.90930702199 0 0
0.0071 3.90909336624 8.62519371512e-05 1 3.90909336624 0 0
0.00711 3.90889047899 6.93304684287e-05 1 3.90889047899 0 0
0.00712 3.90865377274 8.08482628281e-05 1 3.90865377274 0 0
0.00713 3.90845306961 7.03723795617e-05 1 3.90845306961 0 0
0.00714 3.90822786054 7.51009249959e-05 1 3.90822786054 0 0
0.00715 3.90802494059 6.93458235464e-05 1 3.90802494059 0 0
0.00716 3.9078119599 9.20369810869e-05 1 3.9078119599 0 0
0.00717 3.9076112241 7.03875404026e-05 1 3.9076112241 0 0
0.00718 3.90736220925 6.36001615759e-05 1 3.90736220925 0 0
0.00719 3.90715925703 7.54637424035e-05 1 3.90715925703 0 0
0.0072 3.90697074605 7.54699377711e-05 1 3.90697074605 0 0
0.00721 3.90675699341 6.97131969203e-05 1 3.90675699341 0 0
0.00722 3.90654322758 6.97170116225e-05 1 3.90654322758 0 0
0.00723 3.90634171014 7.00655118181e-05 1 3.90634171014 0 0
0.00724 3.90614018459 7.54859849223e-05 1 3.90614018459 0 0
0.00725 3.90593791754 8.12494171384e-05 1 3.90593791754 0 0
0.00726 3.90572411757 5.8209400659e-05 1 3.90572411757 0 0
0.00727 3.90549805498 8.09135897839e-05 1 3.90549805498 0 0
0.00728 3.9053210137 7.5156824853e-05 1 3.9053210137 0 0
0.00729 3.90509566564 5.89087958485e-05 1 3.90509566564 0 0
0.0073 3.90488256601 8.09263434125e-05 1 3.90488256601 0 0
0.00731 3.90470403666 8.63488940973e-05 1 3.90470403666 0 0
0.00732 3.90447866146 7.04440123156e-05 1 3.90447866146 0 0
0.00733 3.90424174892 7.44874223501e-05 1 3.90424174892 0 0
0.00734 3.90403867656 7.55240621648e-05 1 3.90403867656 0 0
0.00735 3.90382700119 8.12933511353e-05 1 3.90382700119 0 0
0.00736 3.90361312021 7.51897071721e-05 1 3.90361312021 0 0
0.00737 3.90338696414 6.94282197575e-05 1 3.90338696414 0 0
0.00738 3.90317379455 9.21463491957e-05 1 3.90317379455 0 0
0.00739 3.90297288344 7.04711898155e-05 1 3.90297288344 0 0
0.0074 3.90272363589 7.45163970706e-05 1 3.90272363589 0 0
0.00741 3.9025205057 6.47122348411e-05 1 3.9025205057 0 0
0.00742 3.90230876869 7.52148394245e-05 1 3.90230876869 0 0
0.00743 3.90211789159 7.01413537114e-05 1 3.90211789159 0 0
0.00744 3.90190466853 8.0642809755e-05 1 3.90190466853 0 0
0.00745 3.90170224012 7.55718455515e-05 1 3.90170224012 0 0
0.00746 3.90147746818 8.13423073098e-05 1 3.90147746818 0 0
0.00747 3.90126348553 7.454428679e-05 1 3.90126348553 0 0
0.00748 3.9010372253 6.47368401919e-05 1 3.9010372253 0 0
0.00749 3.90082542895 7.55888322738e-05 1 3.90082542895 0 0
0.0075 3.9006344995 6.98226197907e-05 1 3.9006344995 0 0
0.00751 3.90042048071 8.06734959532e-05 1 3.90042048071 0 0
0.00752 3.90021873045 7.5600590494e-05 1 3.90021873045 0 0
0.00753 3.89999389323 8.13732502838e-05 1 3.89999389323 0 0
0.00754 3.89977984942 6.37238196615e-05 1 3.89977984942 0 0
0.00755 3.89955352335 7.56109277476e-05 1 3.89955352335 0 0
0.00756 3.89936474927 8.13863794708e-05 1 3.89936474927 0 0
0.00757 3.89915068346 8.6817416017e-05 1 3.89915068346 0 0
0.00758 3.89892432947 5.83109188104e-05 1 3.89892432947 0 0
0.00759 3.89868642007 9.19068283981e-05 1 3.89868642007 0 0
0.0076 3.8985091628 7.05518780201e-05 1 3.8985091628 0 0
0.00761 3.89826042486 7.49473313537e-05 1 3.89826042486 0 0
0.00762 3.898057123 8.07224075835e-05 1 3.898057123 0 0
0.00763 3.8978444691 7.02182535572e-05 1 3.8978444691 0 0
0.00764 3.89761952781 7.53053306839e-05 1 3.89761952781 0 0
0.00765 3.89741693578 6.47969738928e-05 1 3.89741693578 0 0
0.00766 3.89720352018 7.53133691637e-05 1 3.89720352018 0 0
0.00767 3.89701246279 8.14355053286e-05 1 3.89701246279 0 0
0.00768 3.89679903009 7.53211867369e-05 1 3.89679903009 0 0
0.00769 3.89657257157 6.95496370124e-05 1 3.89657257157 0 0
0.0077 3.89635912223 7.02450217424e-05 1 3.89635912223 0 0
0.00771 3.89615795279 7.5333580152e-05 1 3.89615795279 0 0
0.00772 3.89595530381 7.56807603552e-05 1 3.89595530381 0 0
0.00773 3.89574182811 7.53416269281e-05 1 3.89574182811 0 0
0.00774 3.89552761372 8.14665459079e-05 1 3.89552761372 0 0
0.00775 3.8953141209 7.5349899472e-05 1 3.8953141209 0 0
0.00776 3.89508759633 6.95761523309e-05 1 3.89508759633 0 0
0.00777 3.89487408591 8.14802153238e-05 1 3.89487408591 0 0
0.00778 3.89467286005 8.14844251577e-05 1 3.89467286005 0 0
0.00779 3.8944463064 7.46747756236e-05 1 3.8944463064 0 0
0.0078 3.8942197438 7.57144894485e-05 1 3.8942197438 0 0
0.00781 3.89400766981 8.1498344659e-05 1 3.89400766981 0 0
0.00782 3.89379338366 7.53793276894e-05 1 3.89379338366 0 0
0.00783 3.89356679144 6.96033283777e-05 1 3.89356679144 0 0
0.00784 3.8933532184 7.06453094505e-05 1 3.8933532184 0 0
0.00785 3.89315193472 7.53917474435e-05 1 3.89315193472 0 0
0.00786 3.89294843406 8.08283390329e-05 1 3.89294843406 0 0
0.00787 3.8927348346 7.57459348264e-05 1 3.8927348346 0 0
0.00788 3.89250966792 7.06606190809e-05 1 3.89250966792 0 0
0.00789 3.89229531487 7.47160429985e-05 1 3.89229531487 0 0
0.0079 3.89209178164 6.48856290154e-05 1 3.89209178164 0 0
0.00791 3.89187961984 7.57625794936e-05 1 3.89187961984 0 0
0.00792 3.89168837382 6.99831264582e-05 1 3.89168837382 0 0
0.00793 3.89147398536 8.08589642511e-05 1 3.89147398536 0 0
0.00794 3.8912718936 7.5774411848e-05 1 3.8912718936 0 0
0.00795 3.89104666176 7.06871869764e-05 1 3.89104666176 0 0
0.00796 3.89083224812 7.50904169427e-05 1 3.89083224812 0 0
0.00797 3.89062865836 8.08765326884e-05 1 3.89062865836 0 0
0.00798 3.89041570002 8.15735910116e-05 1 3.89041570002 0 0
0.00799 3.89019043081 8.15783146927e-05 1 3.89019043081 0 0
0.008 3.88996367848 5.84452398054e-05 1 3.88996367848 0 0
0.00801 3.88973691611 9.21182875642e-05 1 3.88973691611 0 0
0.00802 3.88955937305 7.07142163248e-05 1 3.88955937305 0 0
0.00803 3.8893101852 7.51198032177e-05 1 3.8893101852 0 0
0.00804 3.88910653793 8.09081861854e-05 1 3.88910653793 0 0
0.00805 3.88889351708 7.03798728496e-05 1 3.88889351708 0 0
0.00806 3.88866818051 7.54786764509e-05 1 3.88866818051 0 0
0.00807 3.88846524461 7.00411351184e-05 1 3.88846524461 0 0
0.00808 3.88825146019 7.07380028606e-05 1 3.88825146019 0 0
0.00809 3.88804924501 8.7065303361e-05 1 3.88804924501 0 0
0.0081 3.88784554713 5.84770812696e-05 1 3.88784554713 0 0
0.00811 3.88760711032 8.12859578026e-05 1 3.88760711032 0 0
0.00812 3.88742949951 7.55027267913e-05 1 3.88742949951 0 0
0.00813 3.88720335917 5.91799456011e-05 1 3.88720335917 0 0
0.00814 3.88698952358 8.12988729724e-05 1 3.88698952358 0 0
0.00815 3.88681041731 8.67464165067e-05 1 3.88681041731 0 0
0.00816 3.8865842495 7.07683470259e-05 1 3.8865842495 0 0
0.00817 3.88634649117 7.48304107134e-05 1 3.88634649117 0 0
0.00818 3.88614272873 7.5871855535e-05 1 3.88614272873 0 0
0.00819 3.8859303236 8.16677481971e-05 1 3.8859303236 0 0
0.0082 3.88571570263 7.55360273072e-05 1 3.88571570263 0 0
0.00821 3.88548874997 6.97480356742e-05 1 3.88548874997 0 0
0.00822 3.88527484353 9.25708553264e-05 1 3.88527484353 0 0
0.00823 3.88507325197 7.07958705218e-05 1 3.88507325197 0 0
0.00824 3.88482310121 7.48597546226e-05 1 3.88482310121 0 0
0.00825 3.88461928021 6.50104438094e-05 1 3.88461928021 0 0
0.00826 3.88440681265 7.5561479932e-05 1 3.88440681265 0 0
0.00827 3.88421530106 7.04646395844e-05 1 3.88421530106 0 0
0.00828 3.88400134047 8.10145332824e-05 1 3.88400134047 0 0
0.00829 3.88379822421 7.59202260405e-05 1 3.88379822421 0 0
0.0083 3.88357266138 8.17173275358e-05 1 3.88357266138 0 0
0.00831 3.88335793749 7.48879986831e-05 1 3.88335793749 0 0
0.00832 3.88313087935 7.59307035646e-05 1 3.88313087935 0 0
0.00833 3.88291835169 8.17310977041e-05 1 3.88291835169 0 0
0.00834 3.88270360551 7.55946261272e-05 1 3.88270360551 0 0
0.00835 3.88247651807 6.98021499121e-05 1 3.88247651807 0 0
0.00836 3.88226248695 7.08471268592e-05 1 3.88226248695 0 0
0.00837 3.88206078025 7.56071437405e-05 1 3.88206078025 0 0
0.00838 3.88185685019 6.47096277567e-05 1 3.88185685019 0 0
0.00839 3.88164279244 8.65148035622e-05 1 3.88164279244 0 0
0.0084 3.88145192089 8.17619760974e-05 1 3.88145192089 0 0
0.00841 3.88121465535 7.56236264894e-05 1 3.88121465535 0 0
0.00842 3.88098750221 7.0176087773e-05 1 3.88098750221 0 0
0.00843 3.88077340939 8.14290952309e-05 1 3.88077340939 0 0
0.00844 3.88057090707 8.17805386832e-05 1 3.88057090707 0 0
0.00845 3.88034446219 6.4042991612e-05 1 3.88034446219 0 0
0.00846 3.88011726956 7.01918268652e-05 1 3.88011726956 0 0
0.00847 3.87992781638 7.01952542651e-05 1 3.87992781638 0 0
0.00848 3.87972528058 7.05461885736e-05 1 3.87972528058 0 0
0.00849 3.87952273749 8.1802634152e-05 1 3.87952273749 0 0
0.0085 3.87931944772 8.18069208931e-05 1 3.87931944772 0 0
0.00851 3.87909220808 6.54503995973e-05 1 3.87909220808 0 0
0.00852 3.87886495931 8.18165062481e-05 1 3.87886495931 0 0
0.00853 3.87867251165 7.63679196541e-05 1 3.87867251165 0 0
0.00854 3.87844524249 8.18227872155e-05 1 3.87844524249 0 0
0.00855 3.87822956606 8.14825069377e-05 1 3.87822956606 0 0
0.00856 3.87800228354 7.53388457262e-05 1 3.87800228354 0 0
0.00857 3.87777572501 7.603556281e-05 1 3.87777572501 0 0
0.00858 3.87756223811 4.26092833778e-05 1 3.87756223811 0 0
0.00859 3.87734726882 3.68096531526e-05 1 3.87734726882 0 0
0.0086 3.87720341928 7.53543686442e-05 1 3.87720341928 0 0
0.00861 3.87707190938 6.51369975434e-05 1 3.87707190938 0 0
0.00862 3.87685838945 6.51405849964e-05 1 3.87685838945 0 0
0.00863 3.8766666086 7.64048604802e-05 1 3.8766666086 0 0
0.00864 3.87647482013 8.73226896422e-05 1 3.87647482013 0 0
0.00865 3.8762590651 5.45835805283e-05 1 3.8762590651 0 0
0.00866 3.87602008066 8.69853326224e-05 1 3.87602008066 0 0
0.00867 3.87585075389 4.91327149769e-05 1 3.87585075389 0 0
0.00868 3.87561248722 4.36762094047e-05 1 3.87561248722 0 0
0.00869 3.87545475804 4.91377353815e-05 1 3.87545475804 0 0
0.0087 3.87530863845 4.91395881336e-05 1 3.87530863845 0 0
0.00871 3.87515089859 5.4251509857e-05 1 3.87515089859 0 0
0.00872 3.87499315478 7.09774579082e-05 1 3.87499315478 0 0
0.00873 3.87482453455 8.73624557657e-05 1 3.87482453455 0 0
0.00874 3.87462032719 7.6447787324e-05 1 3.87462032719 0 0
0.00875 3.87438125814 7.09912433982e-05 1 3.87438125814 0 0
0.00876 3.87416541178 7.47179228776e-05 1 3.87416541178 0 0
0.00877 3.87396117509 7.54148591544e-05 1 3.87396117509 0 0
0.00878 3.8737490093 5.90376844578e-05 1 3.8737490093 0 0
0.00879 3.87353536066 5.83452911421e-05 1 3.87353536066 0 0
0.0088 3.87335655708 8.12371779435e-05 1 3.87335655708 0 0
0.00881 3.87317922667 7.57805178238e-05 1 3.87317922667 0 0
0.00882 3.87295319012 6.48583908582e-05 1 3.87295319012 0 0
0.00883 3.87273876349 7.50933439793e-05 1 3.87273876349 0 0
0.00884 3.87254757542 6.52130977137e-05 1 3.87254757542 0 0
0.00885 3.87233461086 4.2666805641e-05 1 3.87233461086 0 0
0.00886 3.8721426681 4.77853891869e-05 1 3.8721426681 0 0
0.00887 3.87199869617 7.58036224835e-05 1 3.87199869617 0 0
0.00888 3.87184383364 5.94147112384e-05 1 3.87184383364 0 0
0.00889 3.87162935785 6.55765600544e-05 1 3.87162935785 0 0
0.0089 3.87144975208 4.9188568257e-05 1 3.87144975208 0 0
0.00891 3.871257036 4.37253483789e-05 1 3.871257036 0 0
0.00892 3.87109918798 4.37271313246e-05 1 3.87109918798 0 0
0.00893 3.87095296383 4.88442461373e-05 1 3.87095296383 0 0
0.00894 3.8708067359 7.58269651387e-05 1 3.8708067359 0 0
0.00895 3.87064962048 5.43146003347e-05 1 3.87064962048 0 0
0.00896 3.87043509502 4.37346340677e-05 1 3.87043509502 0 0
0.00897 3.87026634055 4.37365410204e-05 1 3.87026634055 0 0
0.00898 3.87012009665 4.92054679514e-05 1 3.87012009665 0 0
0.00899 3.86997384869 3.79242208927e-05 1 3.86997384869 0 0
0.009 3.86981596472 5.94458458577e-05 1 3.86981596472 0 0
0.00901 3.86968208339 8.7127802414e-05 1 3.86968208339 0 0
0.00902 3.86950241138 7.62007120633e-05 1 3.86950241138 0 0
0.00903 3.86926384159 7.65536192054e-05 1 3.86926384159 0 0
0.00904 3.86904852093 8.13276324048e-05 1 3.86904852093 0 0
0.00905 3.8688324494 8.71469365441e-05 1 3.8688324494 0 0
0.00906 3.86860622039 7.48252926149e-05 1 3.86860622039 0 0
0.00907 3.86836760989 6.49352742843e-05 1 3.86836760989 0 0
0.00908 3.86815521565 4.27129055086e-05 1 3.86815521565 0 0
0.00909 3.867963864 4.81853405544e-05 1 3.867963864 0 0
0.0091 3.86781979399 6.49444713456e-05 1 3.86781979399 0 0
0.00911 3.8676640805 7.55402252327e-05 1 3.8676640805 0 0
0.00912 3.86747270928 6.52986698086e-05 1 3.86747270928 0 0
0.00913 3.86725879391 4.37705546963e-05 1 3.86725879391 0 0
0.00914 3.86706666908 4.92443204837e-05 1 3.86706666908 0 0
0.00915 3.86692034875 4.37743856343e-05 1 3.86692034875 0 0
0.00916 3.86676238211 4.37761739243e-05 1 3.86676238211 0 0
0.00917 3.86661605363 6.4964689614e-05 1 3.86661605363 0 0
0.00918 3.86646972135 6.49671482991e-05 1 3.86646972135 0 0
0.00919 3.86627830711 4.92543617549e-05 1 3.86627830711 0 0
0.0092 3.86608688765 4.37838226306e-05 1 3.86608688765 0 0
0.00921 3.86592889965 4.37856119338e-05 1 3.86592889965 0 0
0.00922 3.86578255109 4.92606782371e-05 1 3.86578255109 0 0
0.00923 3.86563619872 4.89114261229e-05 1 3.86563619872 0 0
0.00924 3.86547819728 6.49838128586e-05 1 3.86547819728 0 0
0.00925 3.86532093892 8.68801243138e-05 1 3.86532093892 0 0
0.00926 3.865129484 7.66355052166e-05 1 3.865129484 0 0
0.00927 3.86489144119 7.6291622563e-05 1 3.86489144119 0 0
0.00928 3.86467519543 8.72406810192e-05 1 3.86467519543 0 0
0.00929 3.86445968134 8.07269212977e-05 1 3.86445968134 0 0
0.0093 3.86422087138 5.33589717218e-05 1 3.86422087138 0 0
0.00931 3.86399592048 8.14339772457e-05 1 3.86399592048 0 0
0.00932 3.86382919927 5.44104763254e-05 1 3.86382919927 0 0
0.00933 3.863602744 6.50153570191e-05 1 3.863602744 0 0
0.00934 3.86343378554 5.98901983212e-05 1 3.86343378554 0 0
0.00935 3.8632422635 8.72730398382e-05 1 3.8632422635 0 0
0.00936 3.86306164606 5.92010153173e-05 1 3.86306164606 0 0
0.00937 3.86282276725 7.63298958995e-05 1 3.86282276725 0 0
0.00938 3.86264361615 7.56384085095e-05 1 3.86264361615 0 0
0.00939 3.86242802063 6.5730197265e-05 1 3.86242802063 0 0
0.0094 3.86221389635 5.95602703872e-05 1 3.86221389635 0 0
0.00941 3.86202085338 7.59968832868e-05 1 3.86202085338 0 0
0.00942 3.86184093791 7.08728908461e-05 1 3.86184093791 0 0
0.00943 3.86162605093 6.4699739651e-05 1 3.86162605093 0 0
0.00944 3.86142206605 6.47057418811e-05 1 3.86142206605 0 0
0.00945 3.86123121554 7.60150094716e-05 1 3.86123121554 0 0
0.00946 3.86104035226 4.86181109735e-05 1 3.86104035226 0 0
0.00947 3.86082542671 3.69671747212e-05 1 3.86082542671 0 0
0.00948 3.86066879243 7.05454247034e-05 1 3.86066879243 0 0
0.00949 3.86053694738 7.60286797982e-05 1 3.86053694738 0 0
0.0095 3.86033365924 6.54194289223e-05 1 3.86033365924 0 0
0.00951 3.8601187046 4.38515174058e-05 1 3.8601187046 0 0
0.00952 3.85992632284 4.38537029999e-05 1 3.85992632284 0 0
0.00953 3.85977983025 4.93372883322e-05 1 3.85977983025 0 0
0.00954 3.85963333301 4.35079543621e-05 1 3.85963333301 0 0
0.00955 3.85947516857 6.54339806339e-05 1 3.85947516857 0 0
0.00956 3.85932940696 6.50873468659e-05 1 3.85932940696 0 0
0.00957 3.85913699424 4.38626726173e-05 1 3.85913699424 0 0
0.00958 3.85894531903 4.93479577036e-05 1 3.85894531903 0 0
0.00959 3.85879880271 4.38665168147e-05 1 3.85879880271 0 0
0.0096 3.85864061556 4.38683151472e-05 1 3.85864061556 0 0
0.00961 3.85849409106 5.41365285487e-05 1 3.85849409106 0 0
0.00962 3.85834756273 7.64184291095e-05 1 3.85834756273 0 0
0.00963 3.85817918713 7.60751414554e-05 1 3.85817918713 0 0
0.00964 3.85796340324 8.77442711651e-05 1 3.85796340324 0 0
0.00965 3.85774834975 7.09480781128e-05 1 3.85774834975 0 0
0.00966 3.85750846832 8.74027623622e-05 1 3.85750846832 0 0
0.00967 3.85730432348 7.504453063e-05 1 3.85730432348 0 0
0.00968 3.85706516866 6.4776245461e-05 1 3.85706516866 0 0
0.00969 3.85685230796 5.9643067868e-05 1 3.85685230796 0 0
0.0097 3.85666129467 4.83265554837e-05 1 3.85666129467 0 0
0.00971 3.85648120304 4.83288122582e-05 1 3.85648120304 0 0
0.00972 3.85632518909 7.61117159549e-05 1 3.85632518909 0 0
0.00973 3.85616917034 7.06277415669e-05 1 3.85616917034 0 0
0.00974 3.85595403903 5.48710116062e-05 1 3.85595403903 0 0
0.00975 3.85575057575 4.39011962102e-05 1 3.85575057575 0 0
0.00976 3.85558063743 4.9391022596e-05 1 3.85558063743 0 0
0.00977 3.85543403914 4.39048005607e-05 1 3.85543403914 0 0
0.00978 3.85527576037 4.9042867775e-05 1 3.85527576037 0 0
0.00979 3.85512915441 7.02973096595e-05 1 3.85512915441 0 0
0.0098 3.85497161639 5.48849952433e-05 1 3.85497161639 0 0
0.00981 3.85476885616 4.94014239219e-05 1 3.85476885616 0 0
0.00982 3.85459888808 4.39143131304e-05 1 3.85459888808 0 0
0.00983 3.85444058718 4.39161166802e-05 1 3.85444058718 0 0
0.00984 3.85429396098 3.80785027225e-05 1 3.85429396098 0 0
0.00985 3.85414733095 7.06647920318e-05 1 3.85414733095 0 0
0.00986 3.85401312137 8.19944970531e-05 1 3.85401312137 0 0
0.00987 3.85380957926 7.65110037261e-05 1 3.85380957926 0 0
0.00988 3.85358193139 8.74944094471e-05 1 3.85358193139 0 0
0.00989 3.85336595053 8.20082679869e-05 1 3.85336595053 0 0
0.0099 3.85312660072 8.71524917577e-05 1 3.85312660072 0 0
0.00991 3.85289892356 6.4149504332e-05 1 3.85289892356 0 0
0.00992 3.85266030123 5.97079643608e-05 1 3.85266030123 0 0
0.00993 3.85247062144 7.10452740988e-05 1 3.85247062144 0 0
0.00994 3.85229039173 6.48565333135e-05 1 3.85229039173 0 0
0.00995 3.85208604008 4.90834777272e-05 1 3.85208604008 0 0
0.00996 3.85189485597 8.75301399894e-05 1 3.85189485597 0 0
0.00997 3.85173723154 6.52156408084e-05 1 3.85173723154 0 0
0.00998 3.85149780572 6.55695098832e-05 1 3.85149780572 0 0
0.00999 3.85130585754 7.58610784425e-05 1 3.85130585754 0 0
0.01 3.85111315646 8.75479068699e-05 1 3.85111315646 0 0
0.01001 3.85089855842 5.97352800835e-05 1 3.85089855842 0 0
0.01002 3.85065909479 4.87517754946e-05 1 3.85065909479 0 0
0.01003 3.85047880696 7.65745961695e-05 1 3.85047880696 0 0
0.01004 3.85032188829 7.62303869488e-05 1 3.85032188829 0 0
0.01005 3.85010577212 8.2075118672e-05 1 3.85010577212 0 0
